888888888888888888888888888888
8000000000000000000000000000087
8010000111010001010001090009087
8017000177711001711001797009787
8017000110017101717101709090787
8017000177017011717011700907087
8011110111017001717001700970087
8007777077707000707000700070087
8000000011100011100999900009087
8000000107710107710077970009787
8000000170017170017009070009787
8000000170017170017090700000787
8011110011107011107907000009087
8007777007770007770070000000787
8888888888888888888888888888887
 777777777777777777777777777777
