

   000000000000000000000       0  77777
   05555555555555555555500     0  7 7 7
   055555555555555555555550    0   777
   0000555550555555555055550   0
    7770555055555555555055507  0  7777
       0555055555555555055507  0    7 7
       0555055555555555055507  0  7777
       0555055555555555055507  0
       0555505555555550555507  0  7  7
       0555550055555005555507  0  7 7 7
       0555555500000555555507  0   7  7
        055555555555555555507  0
         00555555555555555507  0  77777
          7000000000000000007  0    7
            77777777777777777  0  77777
